0 26.6669
0.001 26.6503
0.002 26.6336
0.003 26.6169
0.004 26.6003
0.005 26.5836
0.006 26.5669
0.007 26.5503
0.008 26.5336
0.009 26.5169
0.01 26.5003
0.011 26.4836
0.012 26.4669
0.013 26.4502
0.014 26.4336
0.015 26.4169
0.016 26.4002
0.017 26.3836
0.018 26.3669
0.019 26.3502
0.02 26.3336
0.021 26.3169
0.022 26.3002
0.023 26.2836
0.024 26.2669
0.025 26.2502
0.026 26.2336
0.027 26.2169
0.028 26.2002
0.029 26.1836
0.03 26.1669
0.031 26.1502
0.032 26.1336
0.033 26.1169
0.034 26.1002
0.035 26.0836
0.036 26.0669
0.037 26.0502
0.038 26.0336
0.039 26.0169
0.04 26.0002
0.041 25.9836
0.042 25.9669
0.043 25.9502
0.044 25.9336
0.045 25.9169
0.046 25.9002
0.047 25.8836
0.048 25.8669
0.049 25.8502
0.05 25.8336
0.051 25.8169
0.052 25.8002
0.053 25.7836
0.054 25.7669
0.055 25.7502
0.056 25.7336
0.057 25.7169
0.058 25.7002
0.059 25.6836
0.06 25.6669
0.061 25.6502
0.062 25.6336
0.063 25.6169
0.064 25.6002
0.065 25.5836
0.066 25.5669
0.067 25.5502
0.068 25.5336
0.069 25.5169
0.07 25.5002
0.071 25.4836
0.072 25.4669
0.073 25.4502
0.074 25.4336
0.075 25.4169
0.076 25.4002
0.077 25.3836
0.078 25.3669
0.079 25.3502
0.08 25.3336
0.081 25.3169
0.082 25.3002
0.083 25.2836
0.084 25.2669
0.085 25.2502
0.086 25.2336
0.087 25.2169
0.088 25.2002
0.089 25.1836
0.09 25.1669
0.091 25.1502
0.092 25.1336
0.093 25.1169
0.094 25.1002
0.095 25.0836
0.096 25.0669
0.097 25.0502
0.098 25.0336
0.099 25.0169
0.1 25.0002
0.101 24.9836
0.102 24.9669
0.103 24.9502
0.104 24.9336
0.105 24.9169
0.106 24.9002
0.107 24.8836
0.108 24.8669
0.109 24.8502
0.11 24.8336
0.111 24.8169
0.112 24.8002
0.113 24.7836
0.114 24.7669
0.115 24.7502
0.116 24.7336
0.117 24.7169
0.118 24.7002
0.119 24.6836
0.12 24.6669
0.121 24.6502
0.122 24.6336
0.123 24.6169
0.124 24.6002
0.125 24.5836
0.126 24.5669
0.127 24.5502
0.128 24.5336
0.129 24.5169
0.13 24.5002
0.131 24.4836
0.132 24.4669
0.133 24.4502
0.134 24.4336
0.135 24.4169
0.136 24.4002
0.137 24.3836
0.138 24.3669
0.139 24.3502
0.14 24.3336
0.141 24.3169
0.142 24.3002
0.143 24.2835
0.144 24.2669
0.145 24.2502
0.146 24.2335
0.147 24.2169
0.148 24.2002
0.149 24.1835
0.15 24.1669
0.151 24.1502
0.152 24.1335
0.153 24.1169
0.154 24.1002
0.155 24.0835
0.156 24.0669
0.157 24.0502
0.158 24.0335
0.159 24.0169
0.16 24.0002
0.161 23.9835
0.162 23.9669
0.163 23.9502
0.164 23.9335
0.165 23.9169
0.166 23.9002
0.167 23.8835
0.168 23.8669
0.169 23.8502
0.17 23.8335
0.171 23.8169
0.172 23.8002
0.173 23.7835
0.174 23.7669
0.175 23.7502
0.176 23.7335
0.177 23.7169
0.178 23.7002
0.179 23.6835
0.18 23.6669
0.181 23.6502
0.182 23.6335
0.183 23.6169
0.184 23.6002
0.185 23.5835
0.186 23.5669
0.187 23.5502
0.188 23.5335
0.189 23.5169
0.19 23.5002
0.191 23.4835
0.192 23.4669
0.193 23.4502
0.194 23.4335
0.195 23.4169
0.196 23.4002
0.197 23.3835
0.198 23.3669
0.199 23.3502
0.2 23.3335
0.201 23.3169
0.202 23.3002
0.203 23.2835
0.204 23.2669
0.205 23.2502
0.206 23.2335
0.207 23.2169
0.208 23.2002
0.209 23.1835
0.21 23.1669
0.211 23.1502
0.212 23.1335
0.213 23.1169
0.214 23.1002
0.215 23.0835
0.216 23.0669
0.217 23.0502
0.218 23.0335
0.219 23.0169
0.22 23.0002
0.221 22.9835
0.222 22.9669
0.223 22.9502
0.224 22.9335
0.225 22.9169
0.226 22.9002
0.227 22.8835
0.228 22.8669
0.229 22.8502
0.23 22.8335
0.231 22.8169
0.232 22.8002
0.233 22.7835
0.234 22.7669
0.235 22.7502
0.236 22.7335
0.237 22.7169
0.238 22.7002
0.239 22.6835
0.24 22.6669
0.241 22.6502
0.242 22.6335
0.243 22.6169
0.244 22.6002
0.245 22.5835
0.246 22.5669
0.247 22.5502
0.248 22.5335
0.249 22.5169
0.25 22.5002
0.251 22.4835
0.252 22.4669
0.253 22.4502
0.254 22.4335
0.255 22.4169
0.256 22.4002
0.257 22.3835
0.258 22.3669
0.259 22.3502
0.26 22.3335
0.261 22.3169
0.262 22.3002
0.263 22.2835
0.264 22.2669
0.265 22.2502
0.266 22.2335
0.267 22.2169
0.268 22.2002
0.269 22.1835
0.27 22.1669
0.271 22.1502
0.272 22.1335
0.273 22.1169
0.274 22.1002
0.275 22.0835
0.276 22.0668
0.277 22.0502
0.278 22.0335
0.279 22.0168
0.28 22.0002
0.281 21.9835
0.282 21.9668
0.283 21.9502
0.284 21.9335
0.285 21.9168
0.286 21.9002
0.287 21.8835
0.288 21.8668
0.289 21.8502
0.29 21.8335
0.291 21.8168
0.292 21.8002
0.293 21.7835
0.294 21.7668
0.295 21.7502
0.296 21.7335
0.297 21.7168
0.298 21.7002
0.299 21.6835
0.3 21.6668
0.301 21.6502
0.302 21.6335
0.303 21.6168
0.304 21.6002
0.305 21.5835
0.306 21.5668
0.307 21.5502
0.308 21.5335
0.309 21.5168
0.31 21.5002
0.311 21.4835
0.312 21.4668
0.313 21.4502
0.314 21.4335
0.315 21.4168
0.316 21.4002
0.317 21.3835
0.318 21.3668
0.319 21.3502
0.32 21.3335
0.321 21.3168
0.322 21.3002
0.323 21.2835
0.324 21.2668
0.325 21.2502
0.326 21.2335
0.327 21.2168
0.328 21.2002
0.329 21.1835
0.33 21.1668
0.331 21.1502
0.332 21.1335
0.333 21.1168
0.334 21.1002
0.335 21.0835
0.336 21.0668
0.337 21.0502
0.338 21.0335
0.339 21.0168
0.34 21.0002
0.341 20.9835
0.342 20.9668
0.343 20.9502
0.344 20.9335
0.345 20.9168
0.346 20.9002
0.347 20.8835
0.348 20.8668
0.349 20.8502
0.35 20.8335
0.351 20.8168
0.352 20.8002
0.353 20.7835
0.354 20.7668
0.355 20.7502
0.356 20.7335
0.357 20.7168
0.358 20.7002
0.359 20.6835
0.36 20.6668
0.361 20.6502
0.362 20.6335
0.363 20.6168
0.364 20.6002
0.365 20.5835
0.366 20.5668
0.367 20.5502
0.368 20.5335
0.369 20.5168
0.37 20.5002
0.371 20.4835
0.372 20.4668
0.373 20.4502
0.374 20.4335
0.375 20.4168
0.376 20.4002
0.377 20.3835
0.378 20.3668
0.379 20.3502
0.38 20.3335
0.381 20.3168
0.382 20.3002
0.383 20.2835
0.384 20.2668
0.385 20.2502
0.386 20.2335
0.387 20.2168
0.388 20.2002
0.389 20.1835
0.39 20.1668
0.391 20.1502
0.392 20.1335
0.393 20.1168
0.394 20.1002
0.395 20.0835
0.396 20.0668
0.397 20.0502
0.398 20.0335
0.399 20.0168
0.4 20.0002
0.401 19.9835
0.402 19.9668
0.403 19.9502
0.404 19.9335
0.405 19.9168
0.406 19.9002
0.407 19.8835
0.408 19.8668
0.409 19.8501
0.41 19.8335
0.411 19.8168
0.412 19.8001
0.413 19.7835
0.414 19.7668
0.415 19.7501
0.416 19.7335
0.417 19.7168
0.418 19.7001
0.419 19.6835
0.42 19.6668
0.421 19.6501
0.422 19.6335
0.423 19.6168
0.424 19.6001
0.425 19.5835
0.426 19.5668
0.427 19.5501
0.428 19.5335
0.429 19.5168
0.43 19.5001
0.431 19.4835
0.432 19.4668
0.433 19.4501
0.434 19.4335
0.435 19.4168
0.436 19.4001
0.437 19.3835
0.438 19.3668
0.439 19.3501
0.44 19.3335
0.441 19.3168
0.442 19.3001
0.443 19.2835
0.444 19.2668
0.445 19.2501
0.446 19.2335
0.447 19.2168
0.448 19.2001
0.449 19.1835
0.45 19.1668
0.451 19.1501
0.452 19.1335
0.453 19.1168
0.454 19.1001
0.455 19.0835
0.456 19.0668
0.457 19.0501
0.458 19.0335
0.459 19.0168
0.46 19.0001
0.461 18.9835
0.462 18.9668
0.463 18.9501
0.464 18.9335
0.465 18.9168
0.466 18.9001
0.467 18.8835
0.468 18.8668
0.469 18.8501
0.47 18.8335
0.471 18.8168
0.472 18.8001
0.473 18.7835
0.474 18.7668
0.475 18.7501
0.476 18.7335
0.477 18.7168
0.478 18.7001
0.479 18.6835
0.48 18.6668
0.481 18.6501
0.482 18.6335
0.483 18.6168
0.484 18.6001
0.485 18.5835
0.486 18.5668
0.487 18.5501
0.488 18.5335
0.489 18.5168
0.49 18.5001
0.491 18.4835
0.492 18.4668
0.493 18.4501
0.494 18.4335
0.495 18.4168
0.496 18.4001
0.497 18.3835
0.498 18.3668
0.499 18.3501
0.5 18.3335
0.501 18.3168
0.502 18.3001
0.503 18.2835
0.504 18.2668
0.505 18.2501
0.506 18.2335
0.507 18.2168
0.508 18.2001
0.509 18.1835
0.51 18.1668
0.511 18.1501
0.512 18.1335
0.513 18.1168
0.514 18.1001
0.515 18.0835
0.516 18.0668
0.517 18.0501
0.518 18.0335
0.519 18.0168
0.52 18.0001
0.521 17.9835
0.522 17.9668
0.523 17.9501
0.524 17.9335
0.525 17.9168
0.526 17.9001
0.527 17.8835
0.528 17.8668
0.529 17.8501
0.53 17.8335
0.531 17.8168
0.532 17.8001
0.533 17.7835
0.534 17.7668
0.535 17.7501
0.536 17.7335
0.537 17.7168
0.538 17.7001
0.539 17.6834
0.54 17.6668
0.541 17.6501
0.542 17.6334
0.543 17.6168
0.544 17.6001
0.545 17.5834
0.546 17.5668
0.547 17.5501
0.548 17.5334
0.549 17.5168
0.55 17.5001
0.551 17.4834
0.552 17.4668
0.553 17.4501
0.554 17.4334
0.555 17.4168
0.556 17.4001
0.557 17.3834
0.558 17.3668
0.559 17.3501
0.56 17.3334
0.561 17.3168
0.562 17.3001
0.563 17.2834
0.564 17.2668
0.565 17.2501
0.566 17.2334
0.567 17.2168
0.568 17.2001
0.569 17.1834
0.57 17.1668
0.571 17.1501
0.572 17.1334
0.573 17.1168
0.574 17.1001
0.575 17.0834
0.576 17.0668
0.577 17.0501
0.578 17.0334
0.579 17.0168
0.58 17.0001
0.581 16.9834
0.582 16.9668
0.583 16.9501
0.584 16.9334
0.585 16.9168
0.586 16.9001
0.587 16.8834
0.588 16.8668
0.589 16.8501
0.59 16.8334
0.591 16.8168
0.592 16.8001
0.593 16.7834
0.594 16.7668
0.595 16.7501
0.596 16.7334
0.597 16.7168
0.598 16.7001
0.599 16.6834
0.6 16.6668
0.601 16.6501
0.602 16.6334
0.603 16.6168
0.604 16.6001
0.605 16.5834
0.606 16.5668
0.607 16.5501
0.608 16.5334
0.609 16.5168
0.61 16.5001
0.611 16.4834
0.612 16.4668
0.613 16.4501
0.614 16.4334
0.615 16.4168
0.616 16.4001
0.617 16.3834
0.618 16.3668
0.619 16.3501
0.62 16.3334
0.621 16.3168
0.622 16.3001
0.623 16.2834
0.624 16.2668
0.625 16.2501
0.626 16.2334
0.627 16.2168
0.628 16.2001
0.629 16.1834
0.63 16.1668
0.631 16.1501
0.632 16.1334
0.633 16.1168
0.634 16.1001
0.635 16.0834
0.636 16.0668
0.637 16.0501
0.638 16.0334
0.639 16.0168
0.64 16.0001
0.641 15.9834
0.642 15.9668
0.643 15.9501
0.644 15.9334
0.645 15.9168
0.646 15.9001
0.647 15.8834
0.648 15.8668
0.649 15.8501
0.65 15.8334
0.651 15.8168
0.652 15.8001
0.653 15.7834
0.654 15.7668
0.655 15.7501
0.656 15.7334
0.657 15.7168
0.658 15.7001
0.659 15.6834
0.66 15.6668
0.661 15.6501
0.662 15.6334
0.663 15.6168
0.664 15.6001
0.665 15.5834
0.666 15.5668
0.667 15.5501
0.668 15.5334
0.669 15.5168
0.67 15.5001
0.671 15.4834
0.672 15.4667
0.673 15.4501
0.674 15.4334
0.675 15.4167
0.676 15.4001
0.677 15.3834
0.678 15.3667
0.679 15.3501
0.68 15.3334
0.681 15.3167
0.682 15.3001
0.683 15.2834
0.684 15.2667
0.685 15.2501
0.686 15.2334
0.687 15.2167
0.688 15.2001
0.689 15.1834
0.69 15.1667
0.691 15.1501
0.692 15.1334
0.693 15.1167
0.694 15.1001
0.695 15.0834
0.696 15.0667
0.697 15.0501
0.698 15.0334
0.699 15.0167
0.7 15.0001
0.701 14.9834
0.702 14.9667
0.703 14.9501
0.704 14.9334
0.705 14.9167
0.706 14.9001
0.707 14.8834
0.708 14.8667
0.709 14.8501
0.71 14.8334
0.711 14.8167
0.712 14.8001
0.713 14.7834
0.714 14.7667
0.715 14.7501
0.716 14.7334
0.717 14.7167
0.718 14.7001
0.719 14.6834
0.72 14.6667
0.721 14.6501
0.722 14.6334
0.723 14.6167
0.724 14.6001
0.725 14.5834
0.726 14.5667
0.727 14.5501
0.728 14.5334
0.729 14.5167
0.73 14.5001
0.731 14.4834
0.732 14.4667
0.733 14.4501
0.734 14.4334
0.735 14.4167
0.736 14.4001
0.737 14.3834
0.738 14.3667
0.739 14.3501
0.74 14.3334
0.741 14.3167
0.742 14.3001
0.743 14.2834
0.744 14.2667
0.745 14.2501
0.746 14.2334
0.747 14.2167
0.748 14.2001
0.749 14.1834
0.75 14.1667
0.751 14.1501
0.752 14.1334
0.753 14.1167
0.754 14.1001
0.755 14.0834
0.756 14.0667
0.757 14.0501
0.758 14.0334
0.759 14.0167
0.76 14.0001
0.761 13.9834
0.762 13.9667
0.763 13.9501
0.764 13.9334
0.765 13.9167
0.766 13.9001
0.767 13.8834
0.768 13.8667
0.769 13.8501
0.77 13.8334
0.771 13.8167
0.772 13.8001
0.773 13.7834
0.774 13.7667
0.775 13.7501
0.776 13.7334
0.777 13.7167
0.778 13.7001
0.779 13.6834
0.78 13.6667
0.781 13.6501
0.782 13.6334
0.783 13.6167
0.784 13.6001
0.785 13.5834
0.786 13.5667
0.787 13.5501
0.788 13.5334
0.789 13.5167
0.79 13.5001
0.791 13.4834
0.792 13.4667
0.793 13.4501
0.794 13.4334
0.795 13.4167
0.796 13.4001
0.797 13.3834
0.798 13.3667
0.799 13.3501
0.8 13.3334
0.801 13.3167
0.802 13.3001
0.803 13.2834
0.804 13.2667
0.805 13.25
0.806 13.2334
0.807 13.2167
0.808 13.2
0.809 13.1834
0.81 13.1667
0.811 13.15
0.812 13.1334
0.813 13.1167
0.814 13.1
0.815 13.0834
0.816 13.0667
0.817 13.05
0.818 13.0334
0.819 13.0167
0.82 13
0.821 12.9834
0.822 12.9667
0.823 12.95
0.824 12.9334
0.825 12.9167
0.826 12.9
0.827 12.8834
0.828 12.8667
0.829 12.85
0.83 12.8334
0.831 12.8167
0.832 12.8
0.833 12.7834
0.834 12.7667
0.835 12.75
0.836 12.7334
0.837 12.7167
0.838 12.7
0.839 12.6834
0.84 12.6667
0.841 12.65
0.842 12.6334
0.843 12.6167
0.844 12.6
0.845 12.5834
0.846 12.5667
0.847 12.55
0.848 12.5334
0.849 12.5167
0.85 12.5
0.851 12.4834
0.852 12.4667
0.853 12.45
0.854 12.4334
0.855 12.4167
0.856 12.4
0.857 12.3834
0.858 12.3667
0.859 12.35
0.86 12.3334
0.861 12.3167
0.862 12.3
0.863 12.2834
0.864 12.2667
0.865 12.25
0.866 12.2334
0.867 12.2167
0.868 12.2
0.869 12.1834
0.87 12.1667
0.871 12.15
0.872 12.1334
0.873 12.1167
0.874 12.1
0.875 12.0834
0.876 12.0667
0.877 12.05
0.878 12.0334
0.879 12.0167
0.88 12
0.881 11.9834
0.882 11.9667
0.883 11.95
0.884 11.9334
0.885 11.9167
0.886 11.9
0.887 11.8834
0.888 11.8667
0.889 11.85
0.89 11.8334
0.891 11.8167
0.892 11.8
0.893 11.7834
0.894 11.7667
0.895 11.75
0.896 11.7334
0.897 11.7167
0.898 11.7
0.899 11.6834
0.9 11.6667
0.901 11.65
0.902 11.6334
0.903 11.6167
0.904 11.6
0.905 11.5834
0.906 11.5667
0.907 11.55
0.908 11.5334
0.909 11.5167
0.91 11.5
0.911 11.4834
0.912 11.4667
0.913 11.45
0.914 11.4334
0.915 11.4167
0.916 11.4
0.917 11.3834
0.918 11.3667
0.919 11.35
0.92 11.3334
0.921 11.3167
0.922 11.3
0.923 11.2834
0.924 11.2667
0.925 11.25
0.926 11.2334
0.927 11.2167
0.928 11.2
0.929 11.1834
0.93 11.1667
0.931 11.15
0.932 11.1334
0.933 11.1167
0.934 11.1
0.935 11.0833
0.936 11.0667
0.937 11.05
0.938 11.0333
0.939 11.0167
0.94 11
0.941 10.9833
0.942 10.9667
0.943 10.95
0.944 10.9333
0.945 10.9167
0.946 10.9
0.947 10.8833
0.948 10.8667
0.949 10.85
0.95 10.8333
0.951 10.8167
0.952 10.8
0.953 10.7833
0.954 10.7667
0.955 10.75
0.956 10.7333
0.957 10.7167
0.958 10.7
0.959 10.6833
0.96 10.6667
0.961 10.65
0.962 10.6333
0.963 10.6167
0.964 10.6
0.965 10.5833
0.966 10.5667
0.967 10.55
0.968 10.5333
0.969 10.5167
0.97 10.5
0.971 10.4833
0.972 10.4667
0.973 10.45
0.974 10.4333
0.975 10.4167
0.976 10.4
0.977 10.3833
0.978 10.3667
0.979 10.35
0.98 10.3333
0.981 10.3167
0.982 10.3
0.983 10.2833
0.984 10.2667
0.985 10.25
0.986 10.2333
0.987 10.2167
0.988 10.2
0.989 10.1833
0.99 10.1667
0.991 10.15
0.992 10.1333
0.993 10.1167
0.994 10.1
0.995 10.0833
0.996 10.0667
0.997 10.05
0.998 10.0333
0.999 10.0167
1 10
1.001 9.99
1.002 9.98
1.003 9.97
1.004 9.96
1.005 9.95
1.006 9.94
1.007 9.93
1.008 9.92
1.009 9.91
1.01 9.9
1.011 9.89
1.012 9.88
1.013 9.87
1.014 9.86
1.015 9.85
1.016 9.84
1.017 9.83
1.018 9.82
1.019 9.81
1.02 9.8
1.021 9.79
1.022 9.78
1.023 9.77
1.024 9.76
1.025 9.75
1.026 9.74
1.027 9.73
1.028 9.72
1.029 9.71
1.03 9.7
1.031 9.69
1.032 9.68
1.033 9.67
1.034 9.66
1.035 9.65
1.036 9.64
1.037 9.63
1.038 9.62
1.039 9.61
1.04 9.6
1.041 9.59
1.042 9.58
1.043 9.57
1.044 9.56
1.045 9.55
1.046 9.54
1.047 9.53
1.048 9.52
1.049 9.51
1.05 9.5
1.051 9.49
1.052 9.48
1.053 9.47
1.054 9.46
1.055 9.45
1.056 9.44
1.057 9.43
1.058 9.42
1.059 9.41
1.06 9.4
1.061 9.39
1.062 9.38
1.063 9.37
1.064 9.36
1.065 9.35
1.066 9.34
1.067 9.33
1.068 9.32
1.069 9.31
1.07 9.3
1.071 9.29
1.072 9.28
1.073 9.27
1.074 9.26
1.075 9.25
1.076 9.24
1.077 9.23
1.078 9.22
1.079 9.21
1.08 9.2
1.081 9.19
1.082 9.18
1.083 9.17
1.084 9.16
1.085 9.15
1.086 9.14
1.087 9.13
1.088 9.12
1.089 9.11
1.09 9.1
1.091 9.09
1.092 9.08
1.093 9.07
1.094 9.06
1.095 9.05
1.096 9.04
1.097 9.03
1.098 9.02
1.099 9.01
1.1 9
1.101 8.99
1.102 8.98
1.103 8.97
1.104 8.96
1.105 8.95
1.106 8.94
1.107 8.93
1.108 8.92
1.109 8.91
1.11 8.9
1.111 8.89
1.112 8.88
1.113 8.87
1.114 8.86
1.115 8.85
1.116 8.84
1.117 8.83
1.118 8.82
1.119 8.81
1.12 8.8
1.121 8.79
1.122 8.78
1.123 8.77
1.124 8.76
1.125 8.75
1.126 8.74
1.127 8.73
1.128 8.72
1.129 8.71
1.13 8.7
1.131 8.69
1.132 8.68
1.133 8.67
1.134 8.66
1.135 8.65
1.136 8.64
1.137 8.63
1.138 8.62
1.139 8.61
1.14 8.6
1.141 8.59
1.142 8.58
1.143 8.57
1.144 8.56
1.145 8.55
1.146 8.54
1.147 8.53
1.148 8.52
1.149 8.51
1.15 8.5
1.151 8.49
1.152 8.48
1.153 8.47
1.154 8.46
1.155 8.45
1.156 8.44
1.157 8.43
1.158 8.42
1.159 8.41
1.16 8.4
1.161 8.39
1.162 8.38
1.163 8.37
1.164 8.36
1.165 8.35
1.166 8.34
1.167 8.33
1.168 8.32
1.169 8.31
1.17 8.3
1.171 8.29
1.172 8.28
1.173 8.27
1.174 8.26
1.175 8.25
1.176 8.24
1.177 8.23
1.178 8.22
1.179 8.21
1.18 8.2
1.181 8.19
1.182 8.18
1.183 8.17
1.184 8.16
1.185 8.15
1.186 8.14
1.187 8.13
1.188 8.12
1.189 8.11
1.19 8.1
1.191 8.09
1.192 8.08
1.193 8.07
1.194 8.06
1.195 8.05
1.196 8.04
1.197 8.03
1.198 8.02
1.199 8.01
1.2 8
1.201 7.99
1.202 7.98
1.203 7.97
1.204 7.96
1.205 7.95
1.206 7.94
1.207 7.93
1.208 7.92
1.209 7.91
1.21 7.9
1.211 7.89
1.212 7.88
1.213 7.87
1.214 7.86
1.215 7.85
1.216 7.84
1.217 7.83
1.218 7.82
1.219 7.81
1.22 7.8
1.221 7.79
1.222 7.78
1.223 7.77
1.224 7.76
1.225 7.75
1.226 7.74
1.227 7.73
1.228 7.72
1.229 7.71
1.23 7.7
1.231 7.69
1.232 7.68
1.233 7.67
1.234 7.66
1.235 7.65
1.236 7.64
1.237 7.63
1.238 7.62
1.239 7.61
1.24 7.6
1.241 7.59
1.242 7.58
1.243 7.57
1.244 7.56
1.245 7.55
1.246 7.54
1.247 7.53
1.248 7.52
1.249 7.51
1.25 7.5
1.251 7.49
1.252 7.48
1.253 7.47
1.254 7.46
1.255 7.45
1.256 7.44
1.257 7.43
1.258 7.42
1.259 7.41
1.26 7.4
1.261 7.39
1.262 7.38
1.263 7.37
1.264 7.36
1.265 7.35
1.266 7.34
1.267 7.33
1.268 7.32
1.269 7.31
1.27 7.3
1.271 7.29
1.272 7.28
1.273 7.27
1.274 7.26
1.275 7.25
1.276 7.24
1.277 7.23
1.278 7.22
1.279 7.21
1.28 7.2
1.281 7.19
1.282 7.18
1.283 7.17
1.284 7.16
1.285 7.15
1.286 7.14
1.287 7.13
1.288 7.12
1.289 7.11
1.29 7.1
1.291 7.09
1.292 7.08
1.293 7.07
1.294 7.06
1.295 7.05
1.296 7.04
1.297 7.03
1.298 7.02
1.299 7.01
1.3 7
1.301 6.99
1.302 6.98
1.303 6.97
1.304 6.96
1.305 6.95
1.306 6.94
1.307 6.93
1.308 6.92
1.309 6.91
1.31 6.9
1.311 6.89
1.312 6.88
1.313 6.87
1.314 6.86
1.315 6.85
1.316 6.84
1.317 6.83
1.318 6.82
1.319 6.81
1.32 6.8
1.321 6.79
1.322 6.78
1.323 6.77
1.324 6.76
1.325 6.75
1.326 6.74
1.327 6.73
1.328 6.72
1.329 6.71
1.33 6.7
1.331 6.69
1.332 6.68
1.333 6.67
1.334 6.66
1.335 6.65
1.336 6.64
1.337 6.63
1.338 6.62
1.339 6.61
1.34 6.6
1.341 6.59
1.342 6.58
1.343 6.57
1.344 6.56
1.345 6.55
1.346 6.54
1.347 6.53
1.348 6.52
1.349 6.51
1.35 6.5
1.351 6.49
1.352 6.48
1.353 6.47
1.354 6.46
1.355 6.45
1.356 6.44
1.357 6.43
1.358 6.42
1.359 6.41
1.36 6.4
1.361 6.39
1.362 6.38
1.363 6.37
1.364 6.36
1.365 6.35
1.366 6.34
1.367 6.33
1.368 6.32
1.369 6.31
1.37 6.3
1.371 6.29
1.372 6.28
1.373 6.27
1.374 6.26
1.375 6.25
1.376 6.24
1.377 6.23
1.378 6.22
1.379 6.21
1.38 6.2
1.381 6.19
1.382 6.18
1.383 6.17
1.384 6.16
1.385 6.15
1.386 6.14
1.387 6.13
1.388 6.12
1.389 6.11
1.39 6.1
1.391 6.09
1.392 6.08
1.393 6.07
1.394 6.06
1.395 6.05
1.396 6.04
1.397 6.03
1.398 6.02
1.399 6.01
1.4 6
1.401 5.99
1.402 5.98
1.403 5.97
1.404 5.96
1.405 5.95
1.406 5.94
1.407 5.93
1.408 5.92
1.409 5.91
1.41 5.9
1.411 5.89
1.412 5.88
1.413 5.87
1.414 5.86
1.415 5.85
1.416 5.84
1.417 5.83
1.418 5.82
1.419 5.81
1.42 5.8
1.421 5.79
1.422 5.78
1.423 5.77
1.424 5.76
1.425 5.75
1.426 5.74
1.427 5.73
1.428 5.72
1.429 5.71
1.43 5.7
1.431 5.69
1.432 5.68
1.433 5.67
1.434 5.66
1.435 5.65
1.436 5.64
1.437 5.63
1.438 5.62
1.439 5.61
1.44 5.6
1.441 5.59
1.442 5.58
1.443 5.57
1.444 5.56
1.445 5.55
1.446 5.54
1.447 5.53
1.448 5.52
1.449 5.51
1.45 5.5
1.451 5.49
1.452 5.48
1.453 5.47
1.454 5.46
1.455 5.45
1.456 5.44
1.457 5.43
1.458 5.42
1.459 5.41
1.46 5.4
1.461 5.39
1.462 5.38
1.463 5.37
1.464 5.36
1.465 5.35
1.466 5.34
1.467 5.33
1.468 5.32
1.469 5.31
1.47 5.3
1.471 5.29
1.472 5.28
1.473 5.27
1.474 5.26
1.475 5.25
1.476 5.24
1.477 5.23
1.478 5.22
1.479 5.21
1.48 5.2
1.481 5.19
1.482 5.18
1.483 5.17
1.484 5.16
1.485 5.15
1.486 5.14
1.487 5.13
1.488 5.12
1.489 5.11
1.49 5.1
1.491 5.09
1.492 5.08
1.493 5.07
1.494 5.06
1.495 5.05
1.496 5.04
1.497 5.03
1.498 5.02
1.499 5.01
1.5 5
1.501 4.99
1.502 4.98
1.503 4.97
1.504 4.96
1.505 4.95
1.506 4.94
1.507 4.93
1.508 4.92
1.509 4.91
1.51 4.9
1.511 4.89
1.512 4.88
1.513 4.87
1.514 4.86
1.515 4.85
1.516 4.84
1.517 4.83
1.518 4.82
1.519 4.81
1.52 4.8
1.521 4.79
1.522 4.78
1.523 4.77
1.524 4.76
1.525 4.75
1.526 4.74
1.527 4.73
1.528 4.72
1.529 4.71
1.53 4.7
1.531 4.69
1.532 4.68
1.533 4.67
1.534 4.66
1.535 4.65
1.536 4.64
1.537 4.63
1.538 4.62
1.539 4.61
1.54 4.6
1.541 4.59
1.542 4.58
1.543 4.57
1.544 4.56
1.545 4.55
1.546 4.54
1.547 4.53
1.548 4.52
1.549 4.51
1.55 4.5
1.551 4.49
1.552 4.48
1.553 4.47
1.554 4.46
1.555 4.45
1.556 4.44
1.557 4.43
1.558 4.42
1.559 4.41
1.56 4.4
1.561 4.39
1.562 4.38
1.563 4.37
1.564 4.36
1.565 4.35
1.566 4.34
1.567 4.33
1.568 4.32
1.569 4.31
1.57 4.3
1.571 4.29
1.572 4.28
1.573 4.27
1.574 4.26
1.575 4.25
1.576 4.24
1.577 4.23
1.578 4.22
1.579 4.21
1.58 4.2
1.581 4.19
1.582 4.18
1.583 4.17
1.584 4.16
1.585 4.15
1.586 4.14
1.587 4.13
1.588 4.12
1.589 4.11
1.59 4.1
1.591 4.09
1.592 4.08
1.593 4.07
1.594 4.06
1.595 4.05
1.596 4.04
1.597 4.03
1.598 4.02
1.599 4.01
1.6 4
1.601 3.99
1.602 3.98
1.603 3.97
1.604 3.96
1.605 3.95
1.606 3.94
1.607 3.93
1.608 3.92
1.609 3.91
1.61 3.9
1.611 3.89
1.612 3.88
1.613 3.87
1.614 3.86
1.615 3.85
1.616 3.84
1.617 3.83
1.618 3.82
1.619 3.81
1.62 3.8
1.621 3.79
1.622 3.78
1.623 3.77
1.624 3.76
1.625 3.75
1.626 3.74
1.627 3.73
1.628 3.72
1.629 3.71
1.63 3.7
1.631 3.69
1.632 3.68
1.633 3.67
1.634 3.66
1.635 3.65
1.636 3.64
1.637 3.63
1.638 3.62
1.639 3.61
1.64 3.6
1.641 3.59
1.642 3.58
1.643 3.57
1.644 3.56
1.645 3.55
1.646 3.54
1.647 3.53
1.648 3.52
1.649 3.51
1.65 3.5
1.651 3.49
1.652 3.48
1.653 3.47
1.654 3.46
1.655 3.45
1.656 3.44
1.657 3.43
1.658 3.42
1.659 3.41
1.66 3.4
1.661 3.39
1.662 3.38
1.663 3.37
1.664 3.36
1.665 3.35
1.666 3.34
1.667 3.33
1.668 3.32
1.669 3.31
1.67 3.3
1.671 3.29
1.672 3.28
1.673 3.27
1.674 3.26
1.675 3.25
1.676 3.24
1.677 3.23
1.678 3.22
1.679 3.21
1.68 3.2
1.681 3.19
1.682 3.18
1.683 3.17
1.684 3.16
1.685 3.15
1.686 3.14
1.687 3.13
1.688 3.12
1.689 3.11
1.69 3.1
1.691 3.09
1.692 3.08
1.693 3.07
1.694 3.06
1.695 3.05
1.696 3.04
1.697 3.03
1.698 3.02
1.699 3.01
1.7 3
1.701 2.99
1.702 2.98
1.703 2.97
1.704 2.96
1.705 2.95
1.706 2.94
1.707 2.93
1.708 2.92
1.709 2.91
1.71 2.9
1.711 2.89
1.712 2.88
1.713 2.87
1.714 2.86
1.715 2.85
1.716 2.84
1.717 2.83
1.718 2.82
1.719 2.81
1.72 2.8
1.721 2.79
1.722 2.78
1.723 2.77
1.724 2.76
1.725 2.75
1.726 2.74
1.727 2.73
1.728 2.72
1.729 2.71
1.73 2.7
1.731 2.69
1.732 2.68
1.733 2.67
1.734 2.66
1.735 2.65
1.736 2.64
1.737 2.63
1.738 2.62
1.739 2.61
1.74 2.6
1.741 2.59
1.742 2.58
1.743 2.57
1.744 2.56
1.745 2.55
1.746 2.54
1.747 2.53
1.748 2.52
1.749 2.51
1.75 2.5
1.751 2.49
1.752 2.48
1.753 2.47
1.754 2.46
1.755 2.45
1.756 2.44
1.757 2.43
1.758 2.42
1.759 2.41
1.76 2.4
1.761 2.39
1.762 2.38
1.763 2.37
1.764 2.36
1.765 2.35
1.766 2.34
1.767 2.33
1.768 2.32
1.769 2.31
1.77 2.3
1.771 2.29
1.772 2.28
1.773 2.27
1.774 2.26
1.775 2.25
1.776 2.24
1.777 2.23
1.778 2.22
1.779 2.21
1.78 2.2
1.781 2.19
1.782 2.18
1.783 2.17
1.784 2.16
1.785 2.15
1.786 2.14
1.787 2.13
1.788 2.12
1.789 2.11
1.79 2.1
1.791 2.09
1.792 2.08
1.793 2.07
1.794 2.06
1.795 2.05
1.796 2.04
1.797 2.03
1.798 2.02
1.799 2.01
1.8 2
1.801 1.99
1.802 1.98
1.803 1.97
1.804 1.96
1.805 1.95
1.806 1.94
1.807 1.93
1.808 1.92
1.809 1.91
1.81 1.9
1.811 1.89
1.812 1.88
1.813 1.87
1.814 1.86
1.815 1.85
1.816 1.84
1.817 1.83
1.818 1.82
1.819 1.81
1.82 1.8
1.821 1.79
1.822 1.78
1.823 1.77
1.824 1.76
1.825 1.75
1.826 1.74
1.827 1.73
1.828 1.72
1.829 1.71
1.83 1.7
1.831 1.69
1.832 1.68
1.833 1.67
1.834 1.66
1.835 1.65
1.836 1.64
1.837 1.63
1.838 1.62
1.839 1.61
1.84 1.6
1.841 1.59
1.842 1.58
1.843 1.57
1.844 1.56
1.845 1.55
1.846 1.54
1.847 1.53
1.848 1.52
1.849 1.51
1.85 1.5
1.851 1.49
1.852 1.48
1.853 1.47
1.854 1.46
1.855 1.45
1.856 1.44
1.857 1.43
1.858 1.42
1.859 1.41
1.86 1.4
1.861 1.39
1.862 1.38
1.863 1.37
1.864 1.36
1.865 1.35
1.866 1.34
1.867 1.33
1.868 1.32
1.869 1.31
1.87 1.3
1.871 1.29
1.872 1.28
1.873 1.27
1.874 1.26
1.875 1.25
1.876 1.24
1.877 1.23
1.878 1.22
1.879 1.21
1.88 1.2
1.881 1.19
1.882 1.18
1.883 1.17
1.884 1.16
1.885 1.15
1.886 1.14
1.887 1.13
1.888 1.12
1.889 1.11
1.89 1.1
1.891 1.09
1.892 1.08
1.893 1.07
1.894 1.06
1.895 1.05
1.896 1.04
1.897 1.03
1.898 1.02
1.899 1.01
1.9 1
1.901 0.99
1.902 0.98
1.903 0.97
1.904 0.96
1.905 0.95
1.906 0.94
1.907 0.93
1.908 0.92
1.909 0.91
1.91 0.9
1.911 0.89
1.912 0.88
1.913 0.87
1.914 0.86
1.915 0.85
1.916 0.84
1.917 0.83
1.918 0.82
1.919 0.81
1.92 0.8
1.921 0.79
1.922 0.78
1.923 0.77
1.924 0.76
1.925 0.75
1.926 0.74
1.927 0.73
1.928 0.72
1.929 0.71
1.93 0.7
1.931 0.69
1.932 0.68
1.933 0.67
1.934 0.66
1.935 0.65
1.936 0.64
1.937 0.63
1.938 0.62
1.939 0.61
1.94 0.6
1.941 0.59
1.942 0.58
1.943 0.57
1.944 0.56
1.945 0.55
1.946 0.54
1.947 0.53
1.948 0.52
1.949 0.51
1.95 0.5
1.951 0.49
1.952 0.48
1.953 0.47
1.954 0.46
1.955 0.45
1.956 0.44
1.957 0.43
1.958 0.42
1.959 0.41
1.96 0.4
1.961 0.39
1.962 0.38
1.963 0.37
1.964 0.36
1.965 0.35
1.966 0.34
1.967 0.33
1.968 0.32
1.969 0.31
1.97 0.3
1.971 0.29
1.972 0.28
1.973 0.27
1.974 0.26
1.975 0.25
1.976 0.24
1.977 0.23
1.978 0.22
1.979 0.21
1.98 0.2
1.981 0.19
1.982 0.18
1.983 0.17
1.984 0.16
1.985 0.15
1.986 0.14
1.987 0.13
1.988 0.12
1.989 0.11
1.99 0.1
1.991 0.09
1.992 0.08
1.993 0.07
1.994 0.06
1.995 0.05
1.996 0.04
1.997 0.03
1.998 0.02
1.999 0.01
2 0
